10 0.243846 0.346101 0.073846 0.172367
0 0.868077 0.307798 0.088462 0.210670
6 0.775000 0.417237 0.096154 0.210670
0 0.714231 0.824213 0.094615 0.222982
9 0.761538 0.627907 0.086154 0.199726
1 0.460000 0.201778 0.095385 0.209302
13 0.683077 0.359097 0.070769 0.198358
18 0.910769 0.479480 0.113846 0.242134
10 0.838462 0.132011 0.089231 0.201094
7 0.081538 0.569083 0.086154 0.227086
20 0.504231 0.710670 0.091538 0.220246
14 0.600769 0.202462 0.090769 0.213406
12 0.130000 0.187415 0.104615 0.235294
10 0.438846 0.353625 0.079231 0.184679
10 0.811154 0.629959 0.094615 0.201094
7 0.141923 0.858413 0.079231 0.190150
12 0.070769 0.730506 0.078462 0.180575
11 0.645000 0.703146 0.105385 0.224350
4 0.213077 0.759918 0.076923 0.217510
11 0.746538 0.134747 0.119231 0.250342
23 0.823077 0.729138 0.104615 0.224350
11 0.562692 0.389877 0.099231 0.205198
17 0.074615 0.854309 0.109231 0.225718
26 0.301154 0.644323 0.080769 0.191518
1 0.929615 0.180575 0.082308 0.183311
17 0.307692 0.159371 0.083077 0.192886
25 0.193846 0.367989 0.098462 0.210670
13 0.295769 0.766758 0.076154 0.187415
10 0.631538 0.313269 0.103077 0.213406
13 0.906923 0.871409 0.064615 0.180575
9 0.425385 0.591655 0.092308 0.195622
25 0.571923 0.807798 0.082308 0.190150
10 0.127308 0.863201 0.091538 0.199726
25 0.796923 0.868673 0.089231 0.205198
3 0.345769 0.445964 0.108462 0.235294
9 0.597692 0.809166 0.075385 0.173735
21 0.400769 0.134747 0.081538 0.214774
14 0.344231 0.710670 0.062308 0.184679
5 0.942308 0.754446 0.092308 0.225718
8 0.053077 0.123119 0.086154 0.202462
20 0.353846 0.815321 0.069231 0.172367
11 0.481154 0.751710 0.110000 0.231190
7 0.381923 0.612175 0.086923 0.212038