21 0.627308 0.224913 0.113077 0.232987
10 0.279231 0.816032 0.113846 0.197232
19 0.369615 0.283737 0.119231 0.216840
0 0.518077 0.668397 0.097692 0.185698
10 0.901923 0.114187 0.114615 0.214533
11 0.747692 0.723183 0.123077 0.209919
7 0.225000 0.862745 0.074615 0.173010
8 0.120769 0.566897 0.083077 0.194925
18 0.728846 0.193772 0.128462 0.242215
16 0.773462 0.879469 0.090000 0.213379
6 0.291154 0.403691 0.083846 0.177624
23 0.179231 0.370819 0.133846 0.238754
25 0.337308 0.463091 0.119231 0.236448
2 0.173077 0.613033 0.135385 0.247982
10 0.848462 0.595732 0.135385 0.241061
18 0.636154 0.754325 0.112308 0.207612
16 0.252692 0.192618 0.093077 0.186851
20 0.310385 0.861592 0.099231 0.189158
17 0.805000 0.249135 0.130000 0.235294
7 0.053462 0.745098 0.105385 0.228374
11 0.441154 0.811995 0.105385 0.202999
26 0.881538 0.861015 0.146154 0.257209
9 0.164615 0.746251 0.103077 0.189158
25 0.933462 0.290081 0.125385 0.224913
12 0.546538 0.754325 0.128462 0.232987
13 0.516538 0.276240 0.090000 0.197232
13 0.829615 0.889850 0.088462 0.211073
10 0.110769 0.164360 0.101538 0.188005
8 0.439615 0.876586 0.126923 0.242215
10 0.358462 0.713956 0.123077 0.226067
0 0.073462 0.286621 0.120769 0.222607
3 0.073462 0.873126 0.133077 0.232987
0 0.413077 0.362745 0.109231 0.211073
5 0.582308 0.311995 0.110769 0.217993
20 0.739231 0.851211 0.110769 0.200692
8 0.184231 0.776817 0.106923 0.208766
4 0.348077 0.104383 0.086923 0.188005
5 0.113462 0.896770 0.096154 0.188005
19 0.640000 0.885813 0.109231 0.214533
25 0.541154 0.814879 0.091538 0.192618
3 0.213077 0.871396 0.098462 0.183391
5 0.660385 0.344291 0.113077 0.234141
8 0.945769 0.698962 0.076154 0.177624
12 0.548846 0.889273 0.103846 0.216840
18 0.700385 0.745675 0.122308 0.222607
18 0.735000 0.341407 0.114615 0.205306
21 0.800000 0.845444 0.100000 0.207612
3 0.595000 0.771050 0.105385 0.190311
14 0.709231 0.855825 0.110769 0.212226