3 0.474545 0.371585 0.120000 0.218579
4 0.629091 0.857923 0.072727 0.174863
0 0.352727 0.573770 0.109091 0.207650
6 0.918182 0.576503 0.098182 0.213115
14 0.260000 0.745902 0.069091 0.180328
11 0.523636 0.683060 0.087273 0.174863
12 0.858182 0.183060 0.087273 0.180328
3 0.492727 0.163934 0.105455 0.196721
8 0.376364 0.144809 0.098182 0.202186
10 0.620000 0.243169 0.090909 0.180328
5 0.118182 0.606557 0.090909 0.207650
0 0.230909 0.144809 0.105455 0.213115
10 0.625455 0.702186 0.123636 0.234973
4 0.316364 0.631148 0.109091 0.234973
25 0.521818 0.874317 0.105455 0.218579
22 0.210909 0.420765 0.080000 0.174863
14 0.916364 0.833333 0.080000 0.180328
25 0.754545 0.699454 0.090909 0.185792
16 0.900000 0.240437 0.069091 0.174863
10 0.823636 0.415301 0.098182 0.185792
11 0.243636 0.598361 0.130909 0.234973
24 0.623636 0.819672 0.112727 0.207650
12 0.403636 0.775956 0.101818 0.185792
5 0.870909 0.898907 0.076364 0.169399
14 0.230909 0.759563 0.105455 0.218579
15 0.778182 0.163934 0.138182 0.229508
12 0.210909 0.814208 0.109091 0.196721
17 0.938182 0.786885 0.087273 0.174863
12 0.345455 0.707650 0.094545 0.191257
6 0.132727 0.745902 0.098182 0.191257
2 0.476364 0.795082 0.109091 0.224044
19 0.060000 0.273224 0.083636 0.174863
25 0.054545 0.532787 0.101818 0.213115
11 0.852727 0.737705 0.127273 0.229508
10 0.090909 0.860656 0.123636 0.234973
23 0.670909 0.737705 0.098182 0.185792
1 0.658182 0.852459 0.116364 0.207650
7 0.383636 0.868852 0.098182 0.196721
6 0.730909 0.756831 0.116364 0.224044
7 0.701818 0.204918 0.101818 0.202186
17 0.907273 0.860656 0.127273 0.234973
26 0.323636 0.879781 0.130909 0.240437
8 0.158182 0.169399 0.105455 0.196721
8 0.163636 0.887978 0.094545 0.202186
1 0.592727 0.863388 0.109091 0.207650
12 0.758182 0.325137 0.112727 0.224044
23 0.287273 0.297814 0.130909 0.234973
13 0.783636 0.721311 0.076364 0.174863
22 0.556364 0.218579 0.101818 0.207650
4 0.421818 0.822404 0.123636 0.245902
10 0.481818 0.863388 0.105455 0.207650
0 0.210909 0.887978 0.087273 0.180328