0 0.567255 0.195109 0.202446 0.216304
1 0.785326 0.661957 0.247283 0.234783
9 0.355978 0.268478 0.171196 0.176087
17 0.571332 0.783696 0.213315 0.202174
8 0.502717 0.327717 0.206522 0.207609
11 0.865489 0.236413 0.222826 0.203261
16 0.897418 0.861957 0.156250 0.206522
23 0.836277 0.739130 0.183424 0.197826
22 0.120245 0.804348 0.235054 0.236957
18 0.349864 0.486413 0.229620 0.227174
16 0.382473 0.634239 0.161685 0.185870
14 0.373641 0.763043 0.198370 0.213043
22 0.745924 0.128804 0.173913 0.190217
2 0.773098 0.815217 0.217391 0.217391
18 0.543478 0.866848 0.184783 0.194565
26 0.243886 0.641848 0.226902 0.231522
2 0.689538 0.816304 0.207880 0.202174
1 0.148098 0.236957 0.168478 0.173913
21 0.264266 0.826087 0.188859 0.208696
10 0.648777 0.332609 0.275815 0.252174
7 0.421875 0.123913 0.158967 0.189130
25 0.489130 0.877174 0.211957 0.206522
1 0.201087 0.851087 0.225543 0.221739
23 0.101223 0.384239 0.199728 0.207609
19 0.341712 0.886957 0.191576 0.195652
21 0.751359 0.883696 0.154891 0.191304
8 0.125000 0.877717 0.217391 0.218478
17 0.713995 0.882065 0.210598 0.216304
0 0.757473 0.896739 0.186141 0.195652
23 0.904891 0.898913 0.157609 0.176087