5 0.557692 0.726923 0.105128 0.200000
9 0.666667 0.805769 0.133333 0.234615
26 0.575641 0.350000 0.125641 0.223077
22 0.179487 0.396154 0.092308 0.184615
7 0.091026 0.388462 0.079487 0.176923
5 0.891026 0.828846 0.084615 0.180769
18 0.153846 0.571154 0.112821 0.219231
2 0.152564 0.705769 0.110256 0.203846
20 0.460256 0.613462 0.120513 0.226923
0 0.244872 0.726923 0.110256 0.207692
4 0.058974 0.707692 0.092308 0.192308
11 0.321795 0.355769 0.089744 0.173077
0 0.748718 0.844231 0.087179 0.173077
23 0.700000 0.180769 0.107692 0.200000
5 0.905128 0.263462 0.092308 0.196154
23 0.194872 0.155769 0.123077 0.219231
8 0.841026 0.142308 0.097436 0.207692
22 0.139744 0.840385 0.089744 0.188462
16 0.642308 0.388462 0.079487 0.176923
18 0.393590 0.836538 0.125641 0.226923
11 0.784615 0.382692 0.143590 0.250000
0 0.891026 0.415385 0.141026 0.246154
10 0.492308 0.765385 0.112821 0.215385
3 0.084615 0.161538 0.102564 0.192308
21 0.848718 0.526923 0.107692 0.207692
11 0.239744 0.815385 0.105128 0.200000
12 0.092308 0.675000 0.117949 0.226923
26 0.097436 0.896154 0.112821 0.207692
2 0.917949 0.744231 0.128205 0.234615
25 0.862821 0.875000 0.094872 0.203846
11 0.441026 0.811538 0.128205 0.223077
4 0.315385 0.751923 0.123077 0.234615
7 0.826923 0.784615 0.125641 0.238462
12 0.412821 0.298077 0.123077 0.219231
7 0.719231 0.742308 0.094872 0.207692
0 0.721795 0.888462 0.089744 0.176923
11 0.589744 0.148077 0.128205 0.234615
21 0.203846 0.751923 0.094872 0.211538
9 0.467949 0.125000 0.141026 0.242308
4 0.270513 0.786538 0.120513 0.234615
13 0.175641 0.790385 0.094872 0.203846
9 0.534615 0.901923 0.094872 0.180769
1 0.600000 0.765385 0.102564 0.192308
9 0.189744 0.840385 0.087179 0.173077
1 0.311538 0.861538 0.100000 0.200000
8 0.478205 0.840385 0.120513 0.242308
12 0.628205 0.871154 0.107692 0.211538
15 0.338462 0.886538 0.117949 0.203846